<?xml version="1.0"?>
<opencv_storage>
<H type_id="opencv-matrix">
  <rows>3</rows>
  <cols>3</cols>
  <dt>d</dt>
  <data>
    1.2549374001506054e+01 -7.6636406988633450e+00
    3.9456494140625000e+02 3.3870818847619022e+00
    -3.1531723250826516e+00 3.9661135864257812e+02
    6.7312596662178585e-03 -2.0315275153718705e-02 17.</data></H>
</opencv_storage>
