每幅图像的标定误差：
第1幅图像的平均误差：0.156998像素
第2幅图像的平均误差：0.165206像素
第3幅图像的平均误差：0.238991像素
第4幅图像的平均误差：0.235275像素
第5幅图像的平均误差：0.220524像素
第6幅图像的平均误差：0.197522像素
第7幅图像的平均误差：0.23039像素
第8幅图像的平均误差：0.209492像素
第9幅图像的平均误差：0.151952像素
第10幅图像的平均误差：0.171283像素
第11幅图像的平均误差：0.205067像素
第12幅图像的平均误差：0.162504像素
第13幅图像的平均误差：0.216635像素
第14幅图像的平均误差：0.194882像素
第15幅图像的平均误差：0.235773像素
第16幅图像的平均误差：0.173844像素
第17幅图像的平均误差：0.207828像素
第18幅图像的平均误差：0.196354像素
第19幅图像的平均误差：0.218519像素
第20幅图像的平均误差：0.149651像素
第21幅图像的平均误差：0.249634像素
总体平均误差：0.199444像素

相机内参数矩阵：
[816.6738342945642, 0, 1008.642200071974;
 0, 820.9865849553456, 465.2113437467673;
 0, 0, 1]

畸变系数：
[-0.3519445183869859, 0.194555734328505, -0.0003937541789952428, -0.002093618573326178, -0.07379916499039708]


第1幅图像的旋转向量：
[-66.04783358789109;
 -22.73990550614171;
 144.9141169640941]
第1幅图像的旋转矩阵：
[-0.4933787118859492, 0.6493290925616345, -0.5787479384074259;
 -0.4408505630329599, -0.760251633944582, -0.4771459254338399;
 -0.7498187965977405, 0.01972771242890137, 0.6613490679142437]
第1幅图像的平移向量：
[-2.147181758667601;
 -2.179233974625828;
 -0.3341486902186329]

第2幅图像的旋转向量：
[-58.33829856330059;
 11.10087657612933;
 151.8375034395775]
第2幅图像的旋转矩阵：
[0.9542541381513009, 0.2964097243586318, -0.039246848621994;
 -0.2989660699474419, 0.9477801890948843, -0.1110495483081613;
 0.004281219604159076, 0.1177029671032354, 0.9930396178873205]
第2幅图像的平移向量：
[-2.731437435851727;
 -1.473036999522314;
 -0.3837793214119443]

第3幅图像的旋转向量：
[-77.33215768374914;
 14.28743743432912;
 101.3694877312467]
第3幅图像的旋转矩阵：
[-0.1929279775929816, -0.510186133204252, -0.8381461119327438;
 0.258649416058398, -0.8504253380155172, 0.4581235903485467;
 -0.9465089936363691, -0.12840114464944, 0.2960301859915339]
第3幅图像的平移向量：
[-2.327575462861799;
 -1.531954971968256;
 -0.8271642872413606]

第4幅图像的旋转向量：
[-19.71138691990199;
 -49.79676355214391;
 144.0742649108854]
第4幅图像的旋转矩阵：
[-0.9408339167951397, -0.1332257461754769, -0.3115805538924138;
 0.2971920201777372, -0.7661723237128069, -0.569786691244358;
 -0.1628141398975885, -0.628673898720557, 0.7604345369043302]
第4幅图像的平移向量：
[1.17410571253893;
 2.13086607871215;
 0.1014222454165074]

第5幅图像的旋转向量：
[37.49440209730457;
 -48.58916122716819;
 208.7633704703243]
第5幅图像的旋转矩阵：
[-0.6265146420893966, 0.6422343494985983, 0.4416043971381036;
 -0.7712296744194722, -0.5927022221376164, -0.2321828270306974;
 0.112624120606691, -0.4860443562034685, 0.8666468088329442]
第5幅图像的平移向量：
[0.163242099694711;
 2.658675179494691;
 -1.121609088471836]

第6幅图像的旋转向量：
[-47.47856003256236;
 -28.06233296154003;
 171.6956139265169]
第6幅图像的旋转矩阵：
[-0.2106283767434802, 0.9612875166392226, -0.1776569651435114;
 -0.8547029004496144, -0.269294876124703, -0.4438053871417035;
 -0.4744666888975695, 0.05836591510956657, 0.8783363712610333]
第6幅图像的平移向量：
[1.972017138680427;
 1.434115173130818;
 -0.04561721483289569]

第7幅图像的旋转向量：
[-30.28325849126142;
 -70.17988995677651;
 173.8263161718568]
第7幅图像的旋转矩阵：
[0.1972508122853077, -0.8525214192967735, -0.4840447775702171;
 0.9496201268273089, 0.2888119500167211, -0.1216933533600935;
 0.2435441064309953, -0.4356545502663246, 0.8665398900541013]
第7幅图像的平移向量：
[0.8770876296836876;
 2.161302122242124;
 0.1780116084148191]

第8幅图像的旋转向量：
[16.6593547294539;
 -20.58655912550942;
 254.2864720134941]
第8幅图像的旋转矩阵：
[-0.3632606306393706, 0.9172169305399192, 0.1635689963239231;
 -0.9315839652676856, -0.360196852268575, -0.04908709883406929;
 0.01389351948291255, -0.170209664669017, 0.9853099208724319]
第8幅图像的平移向量：
[0.6443017830998866;
 2.275185471113939;
 -1.056055635863723]

第9幅图像的旋转向量：
[-74.92097538247995;
 35.179911939263;
 99.27611384692594]
第9幅图像的旋转矩阵：
[-0.2623778660103709, 0.03306332383638344, -0.9643986064095771;
 -0.6329288753398175, -0.7602938399697484, 0.1461311591178577;
 -0.7283947378921116, 0.6487373070210662, 0.2204110076428516]
第9幅图像的平移向量：
[2.61033083100916;
 0.0640151234034112;
 0.8505835270549645]

第10幅图像的旋转向量：
[-56.90739137246644;
 -39.27314799176035;
 133.1234923991286]
第10幅图像的旋转矩阵：
[0.7480073349216207, 0.6580413781328031, 0.08640932570351213;
 -0.5995717531226811, 0.7258212863556202, -0.3371901142241088;
 -0.2846027753920348, 0.200412087804489, 0.9374626687505998]
第10幅图像的平移向量：
[1.685797104512432;
 1.912181430646513;
 0.1713783526676257]

第11幅图像的旋转向量：
[-12.78756700706331;
 69.97583305428999;
 166.9030116898535]
第11幅图像的旋转矩阵：
[0.7105114394257492, 0.6407737232976937, -0.2908307583051702;
 -0.6565914196386463, 0.7523447747025331, 0.05352613973285903;
 0.2531031451840468, 0.1529260458816783, 0.9552760974655119]
第11幅图像的平移向量：
[-2.870343765114637;
 -0.1696870730160555;
 0.18877247346014]

第12幅图像的旋转向量：
[-50.02975944765974;
 -34.59230155091809;
 169.6599751312214]
第12幅图像的旋转矩阵：
[-0.2892228154070399, 0.9384534301861042, -0.1888261698493097;
 -0.7896140720021497, -0.3453973269440712, -0.5071590518132102;
 -0.541165206147078, 0.002417832050701452, 0.840912821726465]
第12幅图像的平移向量：
[1.799237396290571;
 1.927592169426099;
 -0.09600545670583588]

第13幅图像的旋转向量：
[-55.20991185929611;
 -45.91383024105807;
 128.6200534203108]
第13幅图像的旋转矩阵：
[-0.6675570185948971, -0.07105523274596615, -0.7411604285335994;
 0.5243331220455109, -0.7516049485902456, -0.4002059199720334;
 -0.528623120995194, -0.6557752321901695, 0.538995770665438]
第13幅图像的平移向量：
[1.791532692536615;
 1.564918162091367;
 0.3648210941375182]

第14幅图像的旋转向量：
[-8.634786184597361;
 -68.71986508180969;
 241.9998177545172]
第14幅图像的旋转矩阵：
[0.9255729960057667, -0.3634648543659028, -0.1058675054286341;
 0.3648605299985727, 0.9310390470456983, -0.006564032708518181;
 0.1009525765598354, -0.03255138272041522, 0.9943585795722384]
第14幅图像的平移向量：
[0.9279332532591303;
 2.704473046182259;
 -1.047541740038167]

第15幅图像的旋转向量：
[-16.27665086467804;
 -78.35713720248231;
 188.3890718588993]
第15幅图像的旋转矩阵：
[-0.8752098250529516, 0.4822051335362919, 0.03854829856204625;
 -0.3673067001713967, -0.610578142439701, -0.7016267668668891;
 -0.3147912802794597, -0.6282296882240851, 0.7115011656307297]
第15幅图像的平移向量：
[-1.137094374665865;
 -2.556987042557069;
 0.9448520035116547]

第16幅图像的旋转向量：
[-83.96230659048676;
 -36.19530498558243;
 149.0395764341348]
第16幅图像的旋转矩阵：
[0.5938654480336308, 0.8038635408300873, -0.03357435562940189;
 -0.6989224057320899, 0.4947689223314711, -0.5164408816705185;
 -0.3985364480163424, 0.3301622649835521, 0.8556644075707766]
第16幅图像的平移向量：
[1.888912434185702;
 2.050069032919;
 -0.431871780991835]

第17幅图像的旋转向量：
[-65.59995476922536;
 -29.59452332408087;
 116.890418209621]
第17幅图像的旋转矩阵：
[0.6697367950510538, 0.742593782393293, 0.00266452726866731;
 -0.654394633247619, 0.5918795043012381, -0.47058082872641;
 -0.3510274766046911, 0.3134216436989368, 0.8823528681483388]
第17幅图像的平移向量：
[2.248980861351862;
 1.614086695600163;
 -0.06534135494789335]

第18幅图像的旋转向量：
[17.49128525532489;
 -73.40228457897123;
 200.4459856662464]
第18幅图像的旋转矩阵：
[0.8533999342998821, -0.4934708495903175, -0.1679138848980839;
 0.4852095209684009, 0.8697499817735865, -0.09003715880935355;
 0.1904738115819906, -0.004635710242892097, 0.9816813318444902]
第18幅图像的平移向量：
[0.5812529686794963;
 2.852600642318436;
 -0.9341241082896773]

第19幅图像的旋转向量：
[-80.06092195220512;
 -80.66355400128829;
 168.0197968191217]
第19幅图像的旋转矩阵：
[-0.02395436047270064, -0.6189548247834009, -0.785061216397609;
 0.9996811988353544, -0.02109927397535602, -0.0138679967126234;
 -0.00798055821684085, -0.7851431369597918, 0.6192629208789149]
第19幅图像的平移向量：
[1.339328632952787;
 2.306474723825755;
 -0.4075781868364132]

第20幅图像的旋转向量：
[-63.7700635204269;
 18.47613717521033;
 159.5051667316351]
第20幅图像的旋转矩阵：
[-0.7274124211458202, -0.09407617026118892, -0.6797211514671025;
 -0.06379983705971981, -0.976994803575279, 0.2034962765704943;
 -0.6832281832257282, 0.191391817943949, 0.7046761111817125]
第20幅图像的平移向量：
[-2.399580415628628;
 -1.631348178870195;
 -0.04369633472404551]

第21幅图像的旋转向量：
[-57.31300308624551;
 77.20058419473821;
 103.1423370916892]
第21幅图像的旋转矩阵：
[-0.6147777436384197, -0.6911326251133363, -0.3799789736693363;
 -0.1697691988797574, -0.3545233925527312, 0.9195061627007333;
 -0.7702121428792064, 0.6298006499177742, 0.1006200592554513]
第21幅图像的平移向量：
[1.507991813034945;
 3.411915269727272e-05;
 0.01118613038208402]


