每幅图像的标定误差：
第1幅图像的平均误差：0.054087像素
第2幅图像的平均误差：0.0517432像素
第3幅图像的平均误差：0.0599178像素
第4幅图像的平均误差：0.0588174像素
第5幅图像的平均误差：0.0633847像素
第6幅图像的平均误差：0.0653812像素
第7幅图像的平均误差：0.0447734像素
第8幅图像的平均误差：0.0485581像素
第9幅图像的平均误差：0.0485412像素
第10幅图像的平均误差：0.0448749像素
第11幅图像的平均误差：0.044397像素
第12幅图像的平均误差：0.0480001像素
第13幅图像的平均误差：0.0552903像素
第14幅图像的平均误差：0.0665308像素
第15幅图像的平均误差：0.0592688像素
第16幅图像的平均误差：0.0515903像素
第17幅图像的平均误差：0.0549536像素
第18幅图像的平均误差：0.0492393像素
第19幅图像的平均误差：0.0504918像素
第20幅图像的平均误差：0.0504946像素
第21幅图像的平均误差：0.0499992像素
总体平均误差：0.0533493像素

相机内参数矩阵：
[361.6075179350624, 0, 331.8555512448469;
 0, 361.9935421117254, 203.446845466515;
 0, 0, 1]

畸变系数：
[-0.3525242603628046, 0.2097691099426876, -0.002482354828743369, 0.0002935038989940455, -0.08277969470228397]


第1幅图像的旋转向量：
[30.48210667696511;
 -69.44155989655715;
 197.0890453480078]
第1幅图像的旋转矩阵：
[-0.7346676481869824, 0.509610050488204, 0.4478404215217945;
 -0.6777864701450143, -0.5800169536429677, -0.4518692669070263;
 0.02947791708669645, -0.6355139100980731, 0.7715264885122792]
第1幅图像的平移向量：
[0.7378727950408885;
 2.956553592200341;
 -0.1042721540876502]

第2幅图像的旋转向量：
[30.81443043821324;
 -59.20193408225958;
 208.8427895016498]
第2幅图像的旋转矩阵：
[0.7920730328058172, 0.5785485786306226, 0.1946839820485529;
 -0.5946485059789555, 0.8033489675247889, 0.03199360426478807;
 -0.1378893216996557, -0.1411098102236056, 0.9803441010277294]
第2幅图像的平移向量：
[0.4613381373649424;
 2.969959088403314;
 -0.1594368361328864]

第3幅图像的旋转向量：
[24.69392614130799;
 -68.23651043949164;
 188.4691393491286]
第3幅图像的旋转矩阵：
[0.631067491758885, -0.7436133817495844, -0.2208912839568293;
 0.7126671251670579, 0.6682247234970581, -0.2134977461553198;
 0.3063647981594341, -0.02269046914956105, 0.9516437111957932]
第3幅图像的平移向量：
[0.9759859128846629;
 2.935184105227638;
 -0.06459618660397347]

第4幅图像的旋转向量：
[-2.515142083227238;
 -50.81707267078904;
 193.4439157465469]
第4幅图像的旋转矩阵：
[0.507325981361855, 0.8350276918288785, 0.2129532871645007;
 -0.8318794354441689, 0.5390524721469929, -0.1319054098864272;
 -0.224937665855058, -0.1102324187848154, 0.968117689296362]
第4幅图像的平移向量：
[1.276574760998047;
 2.872114773254717;
 -0.0689595450798819]

第5幅图像的旋转向量：
[-72.41557144630855;
 -9.602662431086522;
 222.6371395733231]
第5幅图像的旋转矩阵：
[-0.1425612783242887, -0.9006570054351113, -0.4104792814298943;
 0.9326555862696646, -0.2610934981724601, 0.2489653441988577;
 -0.3314058528791138, -0.3473429771461131, 0.8772246102935906]
第5幅图像的平移向量：
[-2.599481598431514;
 -1.831117623182929;
 -0.06324196698396406]

第6幅图像的旋转向量：
[-39.48428727955226;
 28.16573021764844;
 258.6599668638651]
第6幅图像的旋转矩阵：
[0.7535292410704355, 0.6484437085371564, -0.1082332652671665;
 -0.6565414337937296, 0.7507415367909314, -0.07307866069424281;
 0.03386781014306975, 0.1261265308940592, 0.991435862595631]
第6幅图像的平移向量：
[-2.873089670652001;
 -1.111250428111813;
 0.1319366454758656]

第7幅图像的旋转向量：
[-73.22180445301528;
 60.49542219710775;
 184.9425409825909]
第7幅图像的旋转矩阵：
[0.865825479702456, -0.4888207356794514, 0.1067732507129561;
 0.4574270053894853, 0.8597951325765062, 0.2269644569930629;
 -0.2027480540928068, -0.1476706415220979, 0.9680323384030268]
第7幅图像的平移向量：
[3.02747407830173;
 0.199149285337422;
 0.4774827251345636]

第8幅图像的旋转向量：
[40.2754805787421;
 -39.34773885684325;
 251.7703244146225]
第8幅图像的旋转矩阵：
[0.9307487255096381, -0.3628021835971677, -0.04562220445475597;
 0.3594220868746957, 0.9306699474205263, -0.06833163568153203;
 0.06725008125514217, 0.04720195488962244, 0.9966189853829671]
第8幅图像的平移向量：
[0.4046658437126462;
 2.999283001924042;
 -0.08205121131323578]

第9幅图像的旋转向量：
[33.30067072544155;
 -45.84590711714704;
 267.6620075650772]
第9幅图像的旋转矩阵：
[-0.9332078125795883, 0.2261456921140038, 0.2792513285173377;
 -0.3061900455625445, -0.9071787729346795, -0.2885729196150185;
 0.1880713549130404, -0.3548024800857615, 0.9158298780811667]
第9幅图像的平移向量：
[0.7546867657549732;
 3.028519712679913;
 -0.04338773423864291]

第10幅图像的旋转向量：
[-14.02187526792216;
 -10.82032048087435;
 358.2487436222412]
第10幅图像的旋转矩阵：
[0.8554897167407159, -0.5173822433449522, -0.02128282928171176;
 0.5177236009774038, 0.8554002453235776, 0.01589632949310476;
 0.009980858774662999, -0.02461776942998842, 0.9996471116781223]
第10幅图像的平移向量：
[-0.08605809255597649;
 -3.120535205409503;
 0.9267136650682846]

第11幅图像的旋转向量：
[-75.95867653024094;
 89.72181619448958;
 326.0147136707675]
第11幅图像的旋转矩阵：
[0.5727950279812373, -0.8103449869450841, 0.1234781683251943;
 0.759416558753752, 0.5813151090303368, 0.2921630269278722;
 -0.3085325691245295, -0.07357816351349787, 0.9483638055321377]
第11幅图像的平移向量：
[2.749990088370788;
 0.2082948912213936;
 0.04221773961889657]

第12幅图像的旋转向量：
[-97.58522438046137;
 82.59057195967698;
 216.3246049827932]
第12幅图像的旋转矩阵：
[0.9989451040462654, 0.04273946458973512, -0.01679336978032981;
 -0.0430566018707035, 0.9988919500872323, -0.01900002858613503;
 0.01596271083944856, 0.01970305096955784, 0.9996784391218744]
第12幅图像的平移向量：
[2.24071395856276;
 0.06315741282467884;
 0.09316213041150438]

第13幅图像的旋转向量：
[-61.13491070890216;
 62.32468244272787;
 215.8869320988382]
第13幅图像的旋转矩阵：
[0.9288844342517558, -0.3607188184161115, 0.08399786809961243;
 0.349985711374224, 0.9290913219161264, 0.1195797531943563;
 -0.1211763575895638, -0.08167771777314317, 0.9892648991957094]
第13幅图像的平移向量：
[2.097889780024169;
 0.05609117855748541;
 0.03854483927969896]

第14幅图像的旋转向量：
[-100.3812460569262;
 89.80690734636049;
 241.7840655321451]
第14幅图像的旋转矩阵：
[0.958846741331028, -0.2713101314684438, 0.08368834567276658;
 0.2601565877525447, 0.9576026357627138, 0.1237567849827069;
 -0.1137166500026325, -0.09689171555339078, 0.988777284816606]
第14幅图像的平移向量：
[1.985021967020981;
 0.5709090933592336;
 -0.3699147923133546]

第15幅图像的旋转向量：
[-97.41899968037092;
 84.05808044100627;
 240.9134600526825]
第15幅图像的旋转矩阵：
[-0.7287085186172388, -0.3898751942870437, -0.5630108593751183;
 -0.0449955424477313, -0.7930906242711042, 0.6074394314276153;
 -0.6833442002786764, 0.4679792672468621, 0.5603892480879574]
第15幅图像的平移向量：
[2.22094291441628;
 0.6506544510108941;
 -0.3747450166724288]

第16幅图像的旋转向量：
[-73.54785412817755;
 44.16216045811854;
 243.8210326713932]
第16幅图像的旋转矩阵：
[0.6789205774411161, -0.733329982795381, 0.03597201496090496;
 0.699359513838437, 0.6608321592626828, 0.272391497091751;
 -0.2235243161955462, -0.1597748216007342, 0.9615138514092072]
第16幅图像的平移向量：
[1.787746774304285;
 1.485493418841928;
 -0.6852529538209546]

第17幅图像的旋转向量：
[-96.00754273265493;
 16.97457323926198;
 255.8583201539929]
第17幅图像的旋转矩阵：
[-0.6524499330045912, 0.3957118741388306, -0.646313544332655;
 -0.4776254890729519, -0.8768587322302096, -0.05470517251095199;
 -0.5883731614461422, 0.273003436566582, 0.7611084985156247]
第17幅图像的平移向量：
[1.768946462551487;
 1.61609852451653;
 -0.9081651627887258]

第18幅图像的旋转向量：
[-61.7278800421736;
 33.88393507059001;
 213.0261345480199]
第18幅图像的旋转矩阵：
[-0.1630456848109034, 0.8649718660100728, -0.4745943274793709;
 -0.969536592849093, -0.2295917434754053, -0.08536056732763606;
 -0.1827974282945901, 0.4462188950940742, 0.876055818923605]
第18幅图像的平移向量：
[1.827672728710727;
 1.733337402475199;
 -0.6082746464797538]

第19幅图像的旋转向量：
[-71.96747598061783;
 35.49690293838891;
 195.3246600878224]
第19幅图像的旋转矩阵：
[-0.5715100873026215, 0.4792340717857633, -0.6661162995686172;
 -0.6829608660499538, -0.7277883380543081, 0.06235856345719784;
 -0.4549073263376257, 0.4905699128888624, 0.7432364933266981]
第19幅图像的平移向量：
[1.780970766966018;
 1.729378703190912;
 -0.6253446787330497]

第20幅图像的旋转向量：
[-77.76761847701034;
 22.67215848856894;
 178.0238931457795]
第20幅图像的旋转矩阵：
[0.7395546609592591, -0.6725086363064762, -0.02812538971532343;
 0.6439922641687893, 0.6948045452520406, 0.3201883938993749;
 -0.1957878115312378, -0.2549093524967426, 0.9469362992648978]
第20幅图像的平移向量：
[2.068713495900197;
 1.499733246823386;
 -0.3916103051986797]

第21幅图像的旋转向量：
[-28.9781126499787;
 -64.84764085499569;
 224.3429819742676]
第21幅图像的旋转矩阵：
[-0.9253613794768492, -0.2164030393941533, -0.3112491637156238;
 0.3490909302480939, -0.8065426941290319, -0.4770999947239604;
 -0.1477898500954078, -0.5501441693665898, 0.821887798376835]
第21幅图像的平移向量：
[1.367408756828904;
 2.562831418474742;
 -0.7180642368267225]


