每幅图像的标定误差：
第1幅图像的平均误差：0.396308像素
第2幅图像的平均误差：0.224142像素
第3幅图像的平均误差：0.200809像素
第4幅图像的平均误差：0.232731像素
第5幅图像的平均误差：0.264685像素
第6幅图像的平均误差：0.200377像素
第7幅图像的平均误差：0.220366像素
第8幅图像的平均误差：0.180625像素
第9幅图像的平均误差：0.308362像素
第10幅图像的平均误差：0.256891像素
第11幅图像的平均误差：0.266294像素
第12幅图像的平均误差：0.314481像素
第13幅图像的平均误差：0.237011像素
第14幅图像的平均误差：0.316024像素
第15幅图像的平均误差：0.234454像素
第16幅图像的平均误差：0.295859像素
第17幅图像的平均误差：0.310617像素
第18幅图像的平均误差：0.298643像素
第19幅图像的平均误差：0.311313像素
第20幅图像的平均误差：0.149111像素
总体平均误差：0.260955像素

相机内参数矩阵：
[732.5149146293516, 0, 903.1134661767928;
 0, 728.8450722828429, 542.8581854402462;
 0, 0, 1]

畸变系数：
[-0.3594830290009821, 0.1941485091143189, -0.003158435139613164, 0.007210431188365199, -0.06387495586549836]


第1幅图像的旋转向量：
[-33.200661147695;
 -94.75584948525791;
 219.888651386844]
第1幅图像的旋转矩阵：
[-0.9471884488090416, -0.05203702490402812, -0.3164272277820904;
 0.2657402853824518, -0.6796689489567515, -0.6836901495186819;
 -0.1794885599908095, -0.731670874002213, 0.657602911314467]
第1幅图像的平移向量：
[0.2865816235646972;
 2.733456713214719;
 -0.2609071013419369]

第2幅图像的旋转向量：
[-52.74077590126755;
 -92.71763387400973;
 268.518649845925]
第2幅图像的旋转矩阵：
[0.995479196659843, 0.09004891792823198, 0.0302053206807703;
 -0.08950103564808347, 0.9958049552649864, -0.01902776097230013;
 -0.03179203729543172, 0.0162383327239294, 0.9993625883106455]
第2幅图像的平移向量：
[0.8736290404165121;
 2.480045863033416;
 -0.3924001513540548]

第3幅图像的旋转向量：
[-94.33298239351794;
 -76.00296521070727;
 254.5109388933021]
第3幅图像的旋转矩阵：
[0.6826796506319683, 0.7240347724151321, 0.09860092771765175;
 -0.6595420014425006, 0.6686367726304115, -0.343408233185531;
 -0.3145677080474637, 0.1694063594442524, 0.9339960612516578]
第3幅图像的平移向量：
[1.277856430146895;
 2.16652120874316;
 -0.2175229629577146]

第4幅图像的旋转向量：
[-113.432160010737;
 -64.85470946334712;
 197.62544867298]
第4幅图像的旋转矩阵：
[0.01989727121194551, 0.9694692367737564, -0.2444043730124902;
 -0.6361401517856095, -0.176312021324335, -0.7511589568278534;
 -0.7713169295980089, 0.1704214484325182, 0.6132101793265197]
第4幅图像的平移向量：
[1.677173487419067;
 2.019521224398542;
 -0.1438255137044578]

第5幅图像的旋转向量：
[-107.6490059943907;
 -16.75421895128583;
 165.532444356663]
第5幅图像的旋转矩阵：
[-0.3885463584361825, 0.2941069894197734, -0.8732312443565099;
 -0.1131680972971419, -0.9557491189019318, -0.2715448461531271;
 -0.9144532295859237, -0.006685842700669076, 0.4046363681223617]
第5幅图像的平移向量：
[1.987842752602251;
 1.579774382611703;
 0.004788685640361836]

第6幅图像的旋转向量：
[-48.99324568334887;
 -3.738762622640405;
 227.810706230326]
第6幅图像的旋转矩阵：
[0.8480783165696201, -0.5282556245844127, -0.04134203743614304;
 0.5293277575351071, 0.8410945379427848, 0.1112299570514546;
 -0.02398528855974749, -0.1162152026963148, 0.9929344049809937]
第6幅图像的平移向量：
[1.878526978836074;
 1.629681634483172;
 -0.1842915356695831]

第7幅图像的旋转向量：
[-101.4406444328226;
 39.95445025807283;
 231.9164366076402]
第7幅图像的旋转矩阵：
[0.3450756894660608, 0.8341877792665681, -0.430178471639196;
 -0.9300467657903385, 0.2422651510100913, -0.2762618505132206;
 -0.126237007182736, 0.4954173447996845, 0.8594334601871029]
第7幅图像的平移向量：
[2.13807278066381;
 1.187590851962827;
 0.1034885314427798]

第8幅图像的旋转向量：
[-117.2413210379327;
 64.59451769037504;
 217.5180684426439]
第8幅图像的旋转矩阵：
[-0.2568743528683012, 0.5012426573961819, -0.826299803488362;
 -0.8709893788223035, -0.490569375992008, -0.02681770529985356;
 -0.418799556849371, 0.7128095718670071, 0.5625917217996949]
第8幅图像的平移向量：
[2.340871209401823;
 0.8072216902077604;
 0.1529243892013871]

第9幅图像的旋转向量：
[-133.5085851749269;
 63.14399556890756;
 227.5965852536573]
第9幅图像的旋转矩阵：
[0.5598690195988409, -0.8280930008281592, -0.02843699830936539;
 0.6950728911558722, 0.4506998863555411, 0.5601279214780488;
 -0.4510214594380733, -0.333364056878537, 0.8279178997387566]
第9幅图像的平移向量：
[2.579711689770652;
 0.842374460476836;
 -0.009647890975110701]

第10幅图像的旋转向量：
[-105.0694800611262;
 91.93500723569404;
 215.2417044498496]
第10幅图像的旋转矩阵：
[0.5780242443154102, 0.6555258827569457, -0.4859771496884664;
 -0.8043402097865995, 0.5580924674737839, -0.2038863032905168;
 0.1375674376589463, 0.5087421889176782, 0.8498568028269242]
第10幅图像的平移向量：
[2.685280552699063;
 0.4925390097059361;
 0.08011030634750091]

第11幅图像的旋转向量：
[-73.71325918609359;
 114.1523375899319;
 178.5017357444218]
第11幅图像的旋转矩阵：
[-0.1440952745266669, 0.5488165442229935, -0.8234299925593042;
 -0.9776986512280679, 0.04951393648757779, 0.2040924238680146;
 0.1527805591228861, 0.8344751469520439, 0.5294424707873968]
第11幅图像的平移向量：
[2.683479712686147;
 0.06756186764928589;
 0.2257003690510009]

第12幅图像的旋转向量：
[63.39789266312254;
 -32.760532082434;
 266.2561049399737]
第12幅图像的旋转矩阵：
[0.7082228598559397, 0.6889337878526397, 0.1542420718626668;
 -0.7057753465479294, 0.6962784359880914, 0.1306809082579679;
 -0.01736493543391532, -0.201411458296174, 0.9793527880617814]
第12幅图像的平移向量：
[-0.03344515623683774;
 2.856294283203898;
 -0.562392103032154]

第13幅图像的旋转向量：
[54.72308265800212;
 -69.92907030898229;
 276.6580188217836]
第13幅图像的旋转矩阵：
[0.07272575059443165, -0.9950249291500938, -0.06809078917392278;
 0.9078716993533121, 0.09431013164567548, -0.4085028477040333;
 0.4128921683851678, -0.03210902425839879, 0.9102137484389961]
第13幅图像的平移向量：
[-0.004957423968067467;
 2.853496018617197;
 -0.3172038010881196]

第14幅图像的旋转向量：
[72.96564751845193;
 -70.08038604368862;
 251.6247303588434]
第14幅图像的旋转矩阵：
[0.5542839878656796, -0.8261943883706975, -0.10085679660037;
 0.7593828366215165, 0.5515876914551552, -0.3450923442787917;
 0.3407447259171866, 0.1146902404738164, 0.9331340635191065]
第14幅图像的平移向量：
[0.2116674596071403;
 2.788789940208227;
 -0.2285390881188172]

第15幅图像的旋转向量：
[91.19355681717975;
 -60.4741480416586;
 256.1141519009083]
第15幅图像的旋转矩阵：
[-0.3043425047194767, -0.9199232837914169, 0.2472181056465969;
 0.7121805411183524, -0.3920967063740083, -0.5822877722424074;
 0.6325934845328762, -0.001150994818131079, 0.7744831557480657]
第15幅图像的平移向量：
[-0.00713666335784892;
 2.8219306472538;
 -0.0855402172252919]

第16幅图像的旋转向量：
[-56.25853220794214;
 104.4614808286609;
 189.4033608858061]
第16幅图像的旋转矩阵：
[-0.7825375848217553, 0.1399707399983212, -0.6066655753260247;
 -0.587786001460761, -0.4873705289078304, 0.6457380150176014;
 -0.2052864945097572, 0.8619037994442443, 0.4636585981899523]
第16幅图像的平移向量：
[-3.164303188827766;
 -0.3470872651282088;
 -0.3838390363410971]

第17幅图像的旋转向量：
[-69.14208301304517;
 53.04796306324669;
 189.9138594312704]
第17幅图像的旋转矩阵：
[0.07512630538772189, -0.9954468723157615, -0.05866483303955483;
 0.820952211475596, 0.0283480481227382, 0.5702927797552406;
 -0.5660331304014979, -0.09100501395197419, 0.8193439953545043]
第17幅图像的平移向量：
[2.704744493880291;
 0.9773424461368113;
 0.1017780804313366]

第18幅图像的旋转向量：
[-66.78050206305193;
 35.34829061180508;
 231.8731052952216]
第18幅图像的旋转矩阵：
[0.4352440896215547, 0.8514872314653256, -0.2924586758860459;
 -0.8999524987889239, 0.4022902779406985, -0.1680715091797761;
 -0.02545746203132063, 0.3363510471604194, 0.9413925274299841]
第18幅图像的平移向量：
[2.354623336581997;
 1.330702309715271;
 0.1644034601732668]

第19幅图像的旋转向量：
[-67.25627652836917;
 35.62731221154356;
 232.1019930079732]
第19幅图像的旋转矩阵：
[0.731544929159646, 0.6579353041832928, -0.1787824156063639;
 -0.6812669664025298, 0.7157021677794524, -0.1537716733487902;
 0.02678314973081145, 0.2342894418129648, 0.9717978803977021]
第19幅图像的平移向量：
[2.34767311897223;
 1.32268366402325;
 0.1601800877199768]

第20幅图像的旋转向量：
[-72.19763298133981;
 18.70391056661517;
 235.2050851490934]
第20幅图像的旋转矩阵：
[-0.03413427186744031, -0.9701008692439519, -0.24028973131661;
 0.9199323610004586, -0.1244617515746565, 0.3717979606978637;
 -0.3905884057011952, -0.208359247184034, 0.8966755943175331]
第20幅图像的平移向量：
[2.112378163714927;
 1.766425297296024;
 0.05476231724842028]


