<?xml version="1.0"?>
<opencv_storage>
<distortion_matrix type_id="opencv-matrix">
  <rows>1</rows>
  <cols>5</cols>
  <dt>d</dt>
  <data>
    -3.5194451838698587e-01 1.9455573432850501e-01
    -3.9375417899524279e-04 -2.0936185733261780e-03
    -7.3799164990397084e-02</data></distortion_matrix>
</opencv_storage>
