<?xml version="1.0"?>
<opencv_storage>
<H type_id="opencv-matrix">
  <rows>3</rows>
  <cols>3</cols>
  <dt>d</dt>
  <data>
    1.0078474673820195e+00 -2.8324369142336922e-05
    -5.6570779786615066e-01 -4.4045091043039856e-03
    1.0086030497802847e+00 4.5923072721956935e+00 5.7998853650548542e-06
    -5.2418852188838909e-07 30.</data></H>
</opencv_storage>
