<?xml version="1.0"?>
<opencv_storage>
<intrisics_matrix type_id="opencv-matrix">
  <rows>3</rows>
  <cols>3</cols>
  <dt>d</dt>
  <data>
    8.1667383429456424e+02 0. 1.0086422000719737e+03 0.
    8.2098658495534562e+02 4.6521134374676728e+02 0. 0. 1.</data></intrisics_matrix>
</opencv_storage>
