<?xml version="1.0"?>
<opencv_storage>
<tempH type_id="opencv-matrix">
  <rows>3</rows>
  <cols>3</cols>
  <dt>d</dt>
  <data>
    -1.9395750170418347e+00 -8.5738208152225805e+00
    1.0199874777356728e+03 7.5961855617202268e-03
    -4.4425069450043599e+00 2.7559501191095580e+02
    1.7738164173306506e-05 -8.5590307046155955e-03 7.</data></tempH>
</opencv_storage>
